2020/11/02-00:52:45.233841 10a546dc0 RocksDB version: 6.11.4
2020/11/02-00:52:45.234371 10a546dc0 Git sha rocksdb_build_git_sha:@48bfca38f6f175435052a59791922a1a453d9609@
2020/11/02-00:52:45.234374 10a546dc0 Compile date Nov  2 2020
2020/11/02-00:52:45.234376 10a546dc0 DB SUMMARY
2020/11/02-00:52:45.234441 10a546dc0 CURRENT file:  CURRENT
2020/11/02-00:52:45.234443 10a546dc0 IDENTITY file:  IDENTITY
2020/11/02-00:52:45.234448 10a546dc0 MANIFEST file:  MANIFEST-000001 size: 13 Bytes
2020/11/02-00:52:45.234453 10a546dc0 MANIFEST file:  MANIFEST-000006 size: 2177 Bytes
2020/11/02-00:52:45.234455 10a546dc0 SST files in example/3/db dir, Total Num: 0, files: 
2020/11/02-00:52:45.234456 10a546dc0 Write Ahead Log file in example/3/db: 000003.log size: 12429 ; 
2020/11/02-00:52:45.234458 10a546dc0                         Options.error_if_exists: 0
2020/11/02-00:52:45.234459 10a546dc0                       Options.create_if_missing: 1
2020/11/02-00:52:45.234460 10a546dc0                         Options.paranoid_checks: 1
2020/11/02-00:52:45.234461 10a546dc0                                     Options.env: 0x10816bd98
2020/11/02-00:52:45.234462 10a546dc0                                      Options.fs: Posix File System
2020/11/02-00:52:45.234463 10a546dc0                                Options.info_log: 0x7fc657f1c6b0
2020/11/02-00:52:45.234464 10a546dc0                Options.max_file_opening_threads: 16
2020/11/02-00:52:45.234465 10a546dc0                              Options.statistics: 0x0
2020/11/02-00:52:45.234466 10a546dc0                               Options.use_fsync: 0
2020/11/02-00:52:45.234467 10a546dc0                       Options.max_log_file_size: 0
2020/11/02-00:52:45.234468 10a546dc0                  Options.max_manifest_file_size: 1073741824
2020/11/02-00:52:45.234469 10a546dc0                   Options.log_file_time_to_roll: 0
2020/11/02-00:52:45.234470 10a546dc0                       Options.keep_log_file_num: 1000
2020/11/02-00:52:45.234471 10a546dc0                    Options.recycle_log_file_num: 0
2020/11/02-00:52:45.234474 10a546dc0                         Options.allow_fallocate: 1
2020/11/02-00:52:45.234475 10a546dc0                        Options.allow_mmap_reads: 0
2020/11/02-00:52:45.234476 10a546dc0                       Options.allow_mmap_writes: 0
2020/11/02-00:52:45.234477 10a546dc0                        Options.use_direct_reads: 0
2020/11/02-00:52:45.234478 10a546dc0                        Options.use_direct_io_for_flush_and_compaction: 0
2020/11/02-00:52:45.234479 10a546dc0          Options.create_missing_column_families: 0
2020/11/02-00:52:45.234480 10a546dc0                              Options.db_log_dir: 
2020/11/02-00:52:45.234481 10a546dc0                                 Options.wal_dir: example/3/db
2020/11/02-00:52:45.234482 10a546dc0                Options.table_cache_numshardbits: 6
2020/11/02-00:52:45.234483 10a546dc0                      Options.max_subcompactions: 1
2020/11/02-00:52:45.234484 10a546dc0                         Options.WAL_ttl_seconds: 0
2020/11/02-00:52:45.234485 10a546dc0                       Options.WAL_size_limit_MB: 0
2020/11/02-00:52:45.234486 10a546dc0                        Options.max_write_batch_group_size_bytes: 1048576
2020/11/02-00:52:45.234487 10a546dc0             Options.manifest_preallocation_size: 4194304
2020/11/02-00:52:45.234488 10a546dc0                     Options.is_fd_close_on_exec: 1
2020/11/02-00:52:45.234489 10a546dc0                   Options.advise_random_on_open: 1
2020/11/02-00:52:45.234490 10a546dc0                    Options.db_write_buffer_size: 0
2020/11/02-00:52:45.234491 10a546dc0                    Options.write_buffer_manager: 0x7fc657f1c620
2020/11/02-00:52:45.234492 10a546dc0         Options.access_hint_on_compaction_start: 1
2020/11/02-00:52:45.234493 10a546dc0  Options.new_table_reader_for_compaction_inputs: 0
2020/11/02-00:52:45.234494 10a546dc0           Options.random_access_max_buffer_size: 1048576
2020/11/02-00:52:45.234495 10a546dc0                      Options.use_adaptive_mutex: 0
2020/11/02-00:52:45.234496 10a546dc0                            Options.rate_limiter: 0x0
2020/11/02-00:52:45.234499 10a546dc0     Options.sst_file_manager.rate_bytes_per_sec: 0
2020/11/02-00:52:45.234524 10a546dc0                       Options.wal_recovery_mode: 2
2020/11/02-00:52:45.234526 10a546dc0                  Options.enable_thread_tracking: 0
2020/11/02-00:52:45.234527 10a546dc0                  Options.enable_pipelined_write: 0
2020/11/02-00:52:45.234528 10a546dc0                  Options.unordered_write: 0
2020/11/02-00:52:45.234529 10a546dc0         Options.allow_concurrent_memtable_write: 1
2020/11/02-00:52:45.234530 10a546dc0      Options.enable_write_thread_adaptive_yield: 1
2020/11/02-00:52:45.234531 10a546dc0             Options.write_thread_max_yield_usec: 100
2020/11/02-00:52:45.234532 10a546dc0            Options.write_thread_slow_yield_usec: 3
2020/11/02-00:52:45.234533 10a546dc0                               Options.row_cache: None
2020/11/02-00:52:45.234534 10a546dc0                              Options.wal_filter: None
2020/11/02-00:52:45.234535 10a546dc0             Options.avoid_flush_during_recovery: 0
2020/11/02-00:52:45.234536 10a546dc0             Options.allow_ingest_behind: 0
2020/11/02-00:52:45.234537 10a546dc0             Options.preserve_deletes: 0
2020/11/02-00:52:45.234538 10a546dc0             Options.two_write_queues: 0
2020/11/02-00:52:45.234539 10a546dc0             Options.manual_wal_flush: 0
2020/11/02-00:52:45.234540 10a546dc0             Options.atomic_flush: 0
2020/11/02-00:52:45.234541 10a546dc0             Options.avoid_unnecessary_blocking_io: 0
2020/11/02-00:52:45.234542 10a546dc0                 Options.persist_stats_to_disk: 0
2020/11/02-00:52:45.234544 10a546dc0                 Options.write_dbid_to_manifest: 0
2020/11/02-00:52:45.234545 10a546dc0                 Options.log_readahead_size: 0
2020/11/02-00:52:45.234546 10a546dc0                 Options.file_checksum_gen_factory: Unknown
2020/11/02-00:52:45.234549 10a546dc0                 Options.best_efforts_recovery: 0
2020/11/02-00:52:45.234550 10a546dc0             Options.max_background_jobs: 2
2020/11/02-00:52:45.234551 10a546dc0             Options.max_background_compactions: -1
2020/11/02-00:52:45.234552 10a546dc0             Options.avoid_flush_during_shutdown: 0
2020/11/02-00:52:45.234553 10a546dc0           Options.writable_file_max_buffer_size: 1048576
2020/11/02-00:52:45.234557 10a546dc0             Options.delayed_write_rate : 16777216
2020/11/02-00:52:45.234558 10a546dc0             Options.max_total_wal_size: 0
2020/11/02-00:52:45.234559 10a546dc0             Options.delete_obsolete_files_period_micros: 21600000000
2020/11/02-00:52:45.234568 10a546dc0                   Options.stats_dump_period_sec: 600
2020/11/02-00:52:45.234569 10a546dc0                 Options.stats_persist_period_sec: 600
2020/11/02-00:52:45.234570 10a546dc0                 Options.stats_history_buffer_size: 1048576
2020/11/02-00:52:45.234571 10a546dc0                          Options.max_open_files: -1
2020/11/02-00:52:45.234572 10a546dc0                          Options.bytes_per_sync: 0
2020/11/02-00:52:45.234573 10a546dc0                      Options.wal_bytes_per_sync: 0
2020/11/02-00:52:45.234574 10a546dc0                   Options.strict_bytes_per_sync: 0
2020/11/02-00:52:45.234575 10a546dc0       Options.compaction_readahead_size: 0
2020/11/02-00:52:45.234575 10a546dc0                  Options.max_background_flushes: -1
2020/11/02-00:52:45.234576 10a546dc0 Compression algorithms supported:
2020/11/02-00:52:45.234579 10a546dc0 	kZSTD supported: 0
2020/11/02-00:52:45.234581 10a546dc0 	kZlibCompression supported: 0
2020/11/02-00:52:45.234582 10a546dc0 	kXpressCompression supported: 0
2020/11/02-00:52:45.234583 10a546dc0 	kSnappyCompression supported: 1
2020/11/02-00:52:45.234584 10a546dc0 	kZSTDNotFinalCompression supported: 0
2020/11/02-00:52:45.234584 10a546dc0 	kLZ4HCCompression supported: 0
2020/11/02-00:52:45.234585 10a546dc0 	kLZ4Compression supported: 0
2020/11/02-00:52:45.234586 10a546dc0 	kBZip2Compression supported: 0
2020/11/02-00:52:45.234590 10a546dc0 Fast CRC32 supported: Supported on x86
2020/11/02-00:52:45.234739 10a546dc0 [db/version_set.cc:4555] Recovering from manifest file: example/3/db/MANIFEST-000006
2020/11/02-00:52:45.234821 10a546dc0 [db/column_family.cc:579] --------------- Options for column family [default]:
2020/11/02-00:52:45.234824 10a546dc0               Options.comparator: leveldb.BytewiseComparator
2020/11/02-00:52:45.234825 10a546dc0           Options.merge_operator: None
2020/11/02-00:52:45.234826 10a546dc0        Options.compaction_filter: None
2020/11/02-00:52:45.234827 10a546dc0        Options.compaction_filter_factory: None
2020/11/02-00:52:45.234828 10a546dc0         Options.memtable_factory: SkipListFactory
2020/11/02-00:52:45.234829 10a546dc0            Options.table_factory: BlockBasedTable
2020/11/02-00:52:45.234850 10a546dc0            table_factory options:   flush_block_policy_factory: FlushBlockBySizePolicyFactory (0x7fc657f04f00)
  cache_index_and_filter_blocks: 0
  cache_index_and_filter_blocks_with_high_priority: 1
  pin_l0_filter_and_index_blocks_in_cache: 0
  pin_top_level_index_and_filter: 1
  index_type: 0
  data_block_index_type: 0
  index_shortening: 1
  data_block_hash_table_util_ratio: 0.750000
  hash_index_allow_collision: 1
  checksum: 1
  no_block_cache: 0
  block_cache: 0x7fc657f05b28
  block_cache_name: LRUCache
  block_cache_options:
    capacity : 8388608
    num_shard_bits : 4
    strict_capacity_limit : 0
    memory_allocator : None
    high_pri_pool_ratio: 0.000
  block_cache_compressed: 0x0
  persistent_cache: 0x0
  block_size: 4096
  block_size_deviation: 10
  block_restart_interval: 16
  index_block_restart_interval: 1
  metadata_block_size: 4096
  partition_filters: 0
  use_delta_encoding: 1
  filter_policy: nullptr
  whole_key_filtering: 1
  verify_compression: 0
  read_amp_bytes_per_bit: 0
  format_version: 4
  enable_index_compression: 1
  block_align: 0
2020/11/02-00:52:45.234855 10a546dc0        Options.write_buffer_size: 67108864
2020/11/02-00:52:45.234856 10a546dc0  Options.max_write_buffer_number: 2
2020/11/02-00:52:45.234859 10a546dc0          Options.compression: Snappy
2020/11/02-00:52:45.234860 10a546dc0                  Options.bottommost_compression: Disabled
2020/11/02-00:52:45.234861 10a546dc0       Options.prefix_extractor: nullptr
2020/11/02-00:52:45.234862 10a546dc0   Options.memtable_insert_with_hint_prefix_extractor: nullptr
2020/11/02-00:52:45.234863 10a546dc0             Options.num_levels: 7
2020/11/02-00:52:45.234864 10a546dc0        Options.min_write_buffer_number_to_merge: 1
2020/11/02-00:52:45.234865 10a546dc0     Options.max_write_buffer_number_to_maintain: 0
2020/11/02-00:52:45.234866 10a546dc0     Options.max_write_buffer_size_to_maintain: 0
2020/11/02-00:52:45.234867 10a546dc0            Options.bottommost_compression_opts.window_bits: -14
2020/11/02-00:52:45.234868 10a546dc0                  Options.bottommost_compression_opts.level: 32767
2020/11/02-00:52:45.234869 10a546dc0               Options.bottommost_compression_opts.strategy: 0
2020/11/02-00:52:45.234870 10a546dc0         Options.bottommost_compression_opts.max_dict_bytes: 0
2020/11/02-00:52:45.234871 10a546dc0         Options.bottommost_compression_opts.zstd_max_train_bytes: 0
2020/11/02-00:52:45.234872 10a546dc0         Options.bottommost_compression_opts.parallel_threads: 1
2020/11/02-00:52:45.234873 10a546dc0                  Options.bottommost_compression_opts.enabled: false
2020/11/02-00:52:45.234874 10a546dc0            Options.compression_opts.window_bits: -14
2020/11/02-00:52:45.234875 10a546dc0                  Options.compression_opts.level: 32767
2020/11/02-00:52:45.234875 10a546dc0               Options.compression_opts.strategy: 0
2020/11/02-00:52:45.234876 10a546dc0         Options.compression_opts.max_dict_bytes: 0
2020/11/02-00:52:45.234877 10a546dc0         Options.compression_opts.zstd_max_train_bytes: 0
2020/11/02-00:52:45.234878 10a546dc0         Options.compression_opts.parallel_threads: 1
2020/11/02-00:52:45.234879 10a546dc0                  Options.compression_opts.enabled: false
2020/11/02-00:52:45.234880 10a546dc0      Options.level0_file_num_compaction_trigger: 4
2020/11/02-00:52:45.234900 10a546dc0          Options.level0_slowdown_writes_trigger: 20
2020/11/02-00:52:45.234901 10a546dc0              Options.level0_stop_writes_trigger: 36
2020/11/02-00:52:45.234902 10a546dc0                   Options.target_file_size_base: 67108864
2020/11/02-00:52:45.234903 10a546dc0             Options.target_file_size_multiplier: 1
2020/11/02-00:52:45.234904 10a546dc0                Options.max_bytes_for_level_base: 268435456
2020/11/02-00:52:45.234905 10a546dc0 Options.level_compaction_dynamic_level_bytes: 0
2020/11/02-00:52:45.234906 10a546dc0          Options.max_bytes_for_level_multiplier: 10.000000
2020/11/02-00:52:45.234908 10a546dc0 Options.max_bytes_for_level_multiplier_addtl[0]: 1
2020/11/02-00:52:45.234909 10a546dc0 Options.max_bytes_for_level_multiplier_addtl[1]: 1
2020/11/02-00:52:45.234910 10a546dc0 Options.max_bytes_for_level_multiplier_addtl[2]: 1
2020/11/02-00:52:45.234911 10a546dc0 Options.max_bytes_for_level_multiplier_addtl[3]: 1
2020/11/02-00:52:45.234911 10a546dc0 Options.max_bytes_for_level_multiplier_addtl[4]: 1
2020/11/02-00:52:45.234912 10a546dc0 Options.max_bytes_for_level_multiplier_addtl[5]: 1
2020/11/02-00:52:45.234913 10a546dc0 Options.max_bytes_for_level_multiplier_addtl[6]: 1
2020/11/02-00:52:45.234914 10a546dc0       Options.max_sequential_skip_in_iterations: 8
2020/11/02-00:52:45.234915 10a546dc0                    Options.max_compaction_bytes: 1677721600
2020/11/02-00:52:45.234916 10a546dc0                        Options.arena_block_size: 8388608
2020/11/02-00:52:45.234917 10a546dc0   Options.soft_pending_compaction_bytes_limit: 68719476736
2020/11/02-00:52:45.234918 10a546dc0   Options.hard_pending_compaction_bytes_limit: 274877906944
2020/11/02-00:52:45.234919 10a546dc0       Options.rate_limit_delay_max_milliseconds: 100
2020/11/02-00:52:45.234920 10a546dc0                Options.disable_auto_compactions: 0
2020/11/02-00:52:45.234921 10a546dc0                        Options.compaction_style: kCompactionStyleLevel
2020/11/02-00:52:45.234923 10a546dc0                          Options.compaction_pri: kMinOverlappingRatio
2020/11/02-00:52:45.234923 10a546dc0 Options.compaction_options_universal.size_ratio: 1
2020/11/02-00:52:45.234924 10a546dc0 Options.compaction_options_universal.min_merge_width: 2
2020/11/02-00:52:45.234925 10a546dc0 Options.compaction_options_universal.max_merge_width: 4294967295
2020/11/02-00:52:45.234926 10a546dc0 Options.compaction_options_universal.max_size_amplification_percent: 200
2020/11/02-00:52:45.234927 10a546dc0 Options.compaction_options_universal.compression_size_percent: -1
2020/11/02-00:52:45.234929 10a546dc0 Options.compaction_options_universal.stop_style: kCompactionStopStyleTotalSize
2020/11/02-00:52:45.234930 10a546dc0 Options.compaction_options_fifo.max_table_files_size: 1073741824
2020/11/02-00:52:45.234930 10a546dc0 Options.compaction_options_fifo.allow_compaction: 0
2020/11/02-00:52:45.234938 10a546dc0                   Options.table_properties_collectors: 
2020/11/02-00:52:45.234939 10a546dc0                   Options.inplace_update_support: 0
2020/11/02-00:52:45.234940 10a546dc0                 Options.inplace_update_num_locks: 10000
2020/11/02-00:52:45.234941 10a546dc0               Options.memtable_prefix_bloom_size_ratio: 0.000000
2020/11/02-00:52:45.234942 10a546dc0               Options.memtable_whole_key_filtering: 0
2020/11/02-00:52:45.234943 10a546dc0   Options.memtable_huge_page_size: 0
2020/11/02-00:52:45.234944 10a546dc0                           Options.bloom_locality: 0
2020/11/02-00:52:45.234945 10a546dc0                    Options.max_successive_merges: 0
2020/11/02-00:52:45.234946 10a546dc0                Options.optimize_filters_for_hits: 0
2020/11/02-00:52:45.234947 10a546dc0                Options.paranoid_file_checks: 0
2020/11/02-00:52:45.234947 10a546dc0                Options.force_consistency_checks: 0
2020/11/02-00:52:45.234948 10a546dc0                Options.report_bg_io_stats: 0
2020/11/02-00:52:45.234949 10a546dc0                               Options.ttl: 2592000
2020/11/02-00:52:45.234950 10a546dc0          Options.periodic_compaction_seconds: 0
2020/11/02-00:52:45.235049 10a546dc0 [db/column_family.cc:579] --------------- Options for column family [__STATE_AGGREGATOR__]:
2020/11/02-00:52:45.235051 10a546dc0               Options.comparator: leveldb.BytewiseComparator
2020/11/02-00:52:45.235052 10a546dc0           Options.merge_operator: None
2020/11/02-00:52:45.235053 10a546dc0        Options.compaction_filter: None
2020/11/02-00:52:45.235054 10a546dc0        Options.compaction_filter_factory: None
2020/11/02-00:52:45.235055 10a546dc0         Options.memtable_factory: SkipListFactory
2020/11/02-00:52:45.235056 10a546dc0            Options.table_factory: BlockBasedTable
2020/11/02-00:52:45.235070 10a546dc0            table_factory options:   flush_block_policy_factory: FlushBlockBySizePolicyFactory (0x7fc657f06620)
  cache_index_and_filter_blocks: 0
  cache_index_and_filter_blocks_with_high_priority: 1
  pin_l0_filter_and_index_blocks_in_cache: 0
  pin_top_level_index_and_filter: 1
  index_type: 0
  data_block_index_type: 0
  index_shortening: 1
  data_block_hash_table_util_ratio: 0.750000
  hash_index_allow_collision: 1
  checksum: 1
  no_block_cache: 0
  block_cache: 0x7fc657f06668
  block_cache_name: LRUCache
  block_cache_options:
    capacity : 8388608
    num_shard_bits : 4
    strict_capacity_limit : 0
    memory_allocator : None
    high_pri_pool_ratio: 0.000
  block_cache_compressed: 0x0
  persistent_cache: 0x0
  block_size: 4096
  block_size_deviation: 10
  block_restart_interval: 16
  index_block_restart_interval: 1
  metadata_block_size: 4096
  partition_filters: 0
  use_delta_encoding: 1
  filter_policy: nullptr
  whole_key_filtering: 1
  verify_compression: 0
  read_amp_bytes_per_bit: 0
  format_version: 4
  enable_index_compression: 1
  block_align: 0
2020/11/02-00:52:45.235072 10a546dc0        Options.write_buffer_size: 67108864
2020/11/02-00:52:45.235073 10a546dc0  Options.max_write_buffer_number: 2
2020/11/02-00:52:45.235074 10a546dc0          Options.compression: Snappy
2020/11/02-00:52:45.235075 10a546dc0                  Options.bottommost_compression: Disabled
2020/11/02-00:52:45.235076 10a546dc0       Options.prefix_extractor: nullptr
2020/11/02-00:52:45.235077 10a546dc0   Options.memtable_insert_with_hint_prefix_extractor: nullptr
2020/11/02-00:52:45.235078 10a546dc0             Options.num_levels: 7
2020/11/02-00:52:45.235079 10a546dc0        Options.min_write_buffer_number_to_merge: 1
2020/11/02-00:52:45.235080 10a546dc0     Options.max_write_buffer_number_to_maintain: 0
2020/11/02-00:52:45.235081 10a546dc0     Options.max_write_buffer_size_to_maintain: 0
2020/11/02-00:52:45.235082 10a546dc0            Options.bottommost_compression_opts.window_bits: -14
2020/11/02-00:52:45.235083 10a546dc0                  Options.bottommost_compression_opts.level: 32767
2020/11/02-00:52:45.235084 10a546dc0               Options.bottommost_compression_opts.strategy: 0
2020/11/02-00:52:45.235084 10a546dc0         Options.bottommost_compression_opts.max_dict_bytes: 0
2020/11/02-00:52:45.235085 10a546dc0         Options.bottommost_compression_opts.zstd_max_train_bytes: 0
2020/11/02-00:52:45.235086 10a546dc0         Options.bottommost_compression_opts.parallel_threads: 1
2020/11/02-00:52:45.235087 10a546dc0                  Options.bottommost_compression_opts.enabled: false
2020/11/02-00:52:45.235088 10a546dc0            Options.compression_opts.window_bits: -14
2020/11/02-00:52:45.235089 10a546dc0                  Options.compression_opts.level: 32767
2020/11/02-00:52:45.235090 10a546dc0               Options.compression_opts.strategy: 0
2020/11/02-00:52:45.235091 10a546dc0         Options.compression_opts.max_dict_bytes: 0
2020/11/02-00:52:45.235092 10a546dc0         Options.compression_opts.zstd_max_train_bytes: 0
2020/11/02-00:52:45.235093 10a546dc0         Options.compression_opts.parallel_threads: 1
2020/11/02-00:52:45.235094 10a546dc0                  Options.compression_opts.enabled: false
2020/11/02-00:52:45.235095 10a546dc0      Options.level0_file_num_compaction_trigger: 4
2020/11/02-00:52:45.235114 10a546dc0          Options.level0_slowdown_writes_trigger: 20
2020/11/02-00:52:45.235115 10a546dc0              Options.level0_stop_writes_trigger: 36
2020/11/02-00:52:45.235116 10a546dc0                   Options.target_file_size_base: 67108864
2020/11/02-00:52:45.235117 10a546dc0             Options.target_file_size_multiplier: 1
2020/11/02-00:52:45.235118 10a546dc0                Options.max_bytes_for_level_base: 268435456
2020/11/02-00:52:45.235119 10a546dc0 Options.level_compaction_dynamic_level_bytes: 0
2020/11/02-00:52:45.235120 10a546dc0          Options.max_bytes_for_level_multiplier: 10.000000
2020/11/02-00:52:45.235121 10a546dc0 Options.max_bytes_for_level_multiplier_addtl[0]: 1
2020/11/02-00:52:45.235122 10a546dc0 Options.max_bytes_for_level_multiplier_addtl[1]: 1
2020/11/02-00:52:45.235123 10a546dc0 Options.max_bytes_for_level_multiplier_addtl[2]: 1
2020/11/02-00:52:45.235124 10a546dc0 Options.max_bytes_for_level_multiplier_addtl[3]: 1
2020/11/02-00:52:45.235125 10a546dc0 Options.max_bytes_for_level_multiplier_addtl[4]: 1
2020/11/02-00:52:45.235126 10a546dc0 Options.max_bytes_for_level_multiplier_addtl[5]: 1
2020/11/02-00:52:45.235127 10a546dc0 Options.max_bytes_for_level_multiplier_addtl[6]: 1
2020/11/02-00:52:45.235128 10a546dc0       Options.max_sequential_skip_in_iterations: 8
2020/11/02-00:52:45.235129 10a546dc0                    Options.max_compaction_bytes: 1677721600
2020/11/02-00:52:45.235130 10a546dc0                        Options.arena_block_size: 8388608
2020/11/02-00:52:45.235130 10a546dc0   Options.soft_pending_compaction_bytes_limit: 68719476736
2020/11/02-00:52:45.235131 10a546dc0   Options.hard_pending_compaction_bytes_limit: 274877906944
2020/11/02-00:52:45.235132 10a546dc0       Options.rate_limit_delay_max_milliseconds: 100
2020/11/02-00:52:45.235133 10a546dc0                Options.disable_auto_compactions: 0
2020/11/02-00:52:45.235135 10a546dc0                        Options.compaction_style: kCompactionStyleLevel
2020/11/02-00:52:45.235136 10a546dc0                          Options.compaction_pri: kMinOverlappingRatio
2020/11/02-00:52:45.235136 10a546dc0 Options.compaction_options_universal.size_ratio: 1
2020/11/02-00:52:45.235137 10a546dc0 Options.compaction_options_universal.min_merge_width: 2
2020/11/02-00:52:45.235138 10a546dc0 Options.compaction_options_universal.max_merge_width: 4294967295
2020/11/02-00:52:45.235139 10a546dc0 Options.compaction_options_universal.max_size_amplification_percent: 200
2020/11/02-00:52:45.235140 10a546dc0 Options.compaction_options_universal.compression_size_percent: -1
2020/11/02-00:52:45.235142 10a546dc0 Options.compaction_options_universal.stop_style: kCompactionStopStyleTotalSize
2020/11/02-00:52:45.235142 10a546dc0 Options.compaction_options_fifo.max_table_files_size: 1073741824
2020/11/02-00:52:45.235143 10a546dc0 Options.compaction_options_fifo.allow_compaction: 0
2020/11/02-00:52:45.235145 10a546dc0                   Options.table_properties_collectors: 
2020/11/02-00:52:45.235145 10a546dc0                   Options.inplace_update_support: 0
2020/11/02-00:52:45.235146 10a546dc0                 Options.inplace_update_num_locks: 10000
2020/11/02-00:52:45.235147 10a546dc0               Options.memtable_prefix_bloom_size_ratio: 0.000000
2020/11/02-00:52:45.235148 10a546dc0               Options.memtable_whole_key_filtering: 0
2020/11/02-00:52:45.235149 10a546dc0   Options.memtable_huge_page_size: 0
2020/11/02-00:52:45.235150 10a546dc0                           Options.bloom_locality: 0
2020/11/02-00:52:45.235151 10a546dc0                    Options.max_successive_merges: 0
2020/11/02-00:52:45.235152 10a546dc0                Options.optimize_filters_for_hits: 0
2020/11/02-00:52:45.235153 10a546dc0                Options.paranoid_file_checks: 0
2020/11/02-00:52:45.235154 10a546dc0                Options.force_consistency_checks: 0
2020/11/02-00:52:45.235155 10a546dc0                Options.report_bg_io_stats: 0
2020/11/02-00:52:45.235156 10a546dc0                               Options.ttl: 2592000
2020/11/02-00:52:45.235157 10a546dc0          Options.periodic_compaction_seconds: 0
2020/11/02-00:52:45.235206 10a546dc0 [db/column_family.cc:579] --------------- Options for column family [__INDEXES_POOL__]:
2020/11/02-00:52:45.235209 10a546dc0               Options.comparator: leveldb.BytewiseComparator
2020/11/02-00:52:45.235210 10a546dc0           Options.merge_operator: None
2020/11/02-00:52:45.235211 10a546dc0        Options.compaction_filter: None
2020/11/02-00:52:45.235211 10a546dc0        Options.compaction_filter_factory: None
2020/11/02-00:52:45.235212 10a546dc0         Options.memtable_factory: SkipListFactory
2020/11/02-00:52:45.235213 10a546dc0            Options.table_factory: BlockBasedTable
2020/11/02-00:52:45.235227 10a546dc0            table_factory options:   flush_block_policy_factory: FlushBlockBySizePolicyFactory (0x7fc657f07180)
  cache_index_and_filter_blocks: 0
  cache_index_and_filter_blocks_with_high_priority: 1
  pin_l0_filter_and_index_blocks_in_cache: 0
  pin_top_level_index_and_filter: 1
  index_type: 0
  data_block_index_type: 0
  index_shortening: 1
  data_block_hash_table_util_ratio: 0.750000
  hash_index_allow_collision: 1
  checksum: 1
  no_block_cache: 0
  block_cache: 0x7fc657f071c8
  block_cache_name: LRUCache
  block_cache_options:
    capacity : 8388608
    num_shard_bits : 4
    strict_capacity_limit : 0
    memory_allocator : None
    high_pri_pool_ratio: 0.000
  block_cache_compressed: 0x0
  persistent_cache: 0x0
  block_size: 4096
  block_size_deviation: 10
  block_restart_interval: 16
  index_block_restart_interval: 1
  metadata_block_size: 4096
  partition_filters: 0
  use_delta_encoding: 1
  filter_policy: nullptr
  whole_key_filtering: 1
  verify_compression: 0
  read_amp_bytes_per_bit: 0
  format_version: 4
  enable_index_compression: 1
  block_align: 0
2020/11/02-00:52:45.235229 10a546dc0        Options.write_buffer_size: 67108864
2020/11/02-00:52:45.235230 10a546dc0  Options.max_write_buffer_number: 2
2020/11/02-00:52:45.235231 10a546dc0          Options.compression: Snappy
2020/11/02-00:52:45.235232 10a546dc0                  Options.bottommost_compression: Disabled
2020/11/02-00:52:45.235233 10a546dc0       Options.prefix_extractor: nullptr
2020/11/02-00:52:45.235234 10a546dc0   Options.memtable_insert_with_hint_prefix_extractor: nullptr
2020/11/02-00:52:45.235235 10a546dc0             Options.num_levels: 7
2020/11/02-00:52:45.235236 10a546dc0        Options.min_write_buffer_number_to_merge: 1
2020/11/02-00:52:45.235237 10a546dc0     Options.max_write_buffer_number_to_maintain: 0
2020/11/02-00:52:45.235237 10a546dc0     Options.max_write_buffer_size_to_maintain: 0
2020/11/02-00:52:45.235238 10a546dc0            Options.bottommost_compression_opts.window_bits: -14
2020/11/02-00:52:45.235239 10a546dc0                  Options.bottommost_compression_opts.level: 32767
2020/11/02-00:52:45.235240 10a546dc0               Options.bottommost_compression_opts.strategy: 0
2020/11/02-00:52:45.235241 10a546dc0         Options.bottommost_compression_opts.max_dict_bytes: 0
2020/11/02-00:52:45.235242 10a546dc0         Options.bottommost_compression_opts.zstd_max_train_bytes: 0
2020/11/02-00:52:45.235243 10a546dc0         Options.bottommost_compression_opts.parallel_threads: 1
2020/11/02-00:52:45.235244 10a546dc0                  Options.bottommost_compression_opts.enabled: false
2020/11/02-00:52:45.235245 10a546dc0            Options.compression_opts.window_bits: -14
2020/11/02-00:52:45.235246 10a546dc0                  Options.compression_opts.level: 32767
2020/11/02-00:52:45.235247 10a546dc0               Options.compression_opts.strategy: 0
2020/11/02-00:52:45.235248 10a546dc0         Options.compression_opts.max_dict_bytes: 0
2020/11/02-00:52:45.235249 10a546dc0         Options.compression_opts.zstd_max_train_bytes: 0
2020/11/02-00:52:45.235250 10a546dc0         Options.compression_opts.parallel_threads: 1
2020/11/02-00:52:45.235250 10a546dc0                  Options.compression_opts.enabled: false
2020/11/02-00:52:45.235251 10a546dc0      Options.level0_file_num_compaction_trigger: 4
2020/11/02-00:52:45.235252 10a546dc0          Options.level0_slowdown_writes_trigger: 20
2020/11/02-00:52:45.235270 10a546dc0              Options.level0_stop_writes_trigger: 36
2020/11/02-00:52:45.235271 10a546dc0                   Options.target_file_size_base: 67108864
2020/11/02-00:52:45.235272 10a546dc0             Options.target_file_size_multiplier: 1
2020/11/02-00:52:45.235273 10a546dc0                Options.max_bytes_for_level_base: 268435456
2020/11/02-00:52:45.235274 10a546dc0 Options.level_compaction_dynamic_level_bytes: 0
2020/11/02-00:52:45.235275 10a546dc0          Options.max_bytes_for_level_multiplier: 10.000000
2020/11/02-00:52:45.235276 10a546dc0 Options.max_bytes_for_level_multiplier_addtl[0]: 1
2020/11/02-00:52:45.235277 10a546dc0 Options.max_bytes_for_level_multiplier_addtl[1]: 1
2020/11/02-00:52:45.235278 10a546dc0 Options.max_bytes_for_level_multiplier_addtl[2]: 1
2020/11/02-00:52:45.235279 10a546dc0 Options.max_bytes_for_level_multiplier_addtl[3]: 1
2020/11/02-00:52:45.235280 10a546dc0 Options.max_bytes_for_level_multiplier_addtl[4]: 1
2020/11/02-00:52:45.235281 10a546dc0 Options.max_bytes_for_level_multiplier_addtl[5]: 1
2020/11/02-00:52:45.235282 10a546dc0 Options.max_bytes_for_level_multiplier_addtl[6]: 1
2020/11/02-00:52:45.235283 10a546dc0       Options.max_sequential_skip_in_iterations: 8
2020/11/02-00:52:45.235284 10a546dc0                    Options.max_compaction_bytes: 1677721600
2020/11/02-00:52:45.235285 10a546dc0                        Options.arena_block_size: 8388608
2020/11/02-00:52:45.235286 10a546dc0   Options.soft_pending_compaction_bytes_limit: 68719476736
2020/11/02-00:52:45.235287 10a546dc0   Options.hard_pending_compaction_bytes_limit: 274877906944
2020/11/02-00:52:45.235288 10a546dc0       Options.rate_limit_delay_max_milliseconds: 100
2020/11/02-00:52:45.235289 10a546dc0                Options.disable_auto_compactions: 0
2020/11/02-00:52:45.235290 10a546dc0                        Options.compaction_style: kCompactionStyleLevel
2020/11/02-00:52:45.235291 10a546dc0                          Options.compaction_pri: kMinOverlappingRatio
2020/11/02-00:52:45.235291 10a546dc0 Options.compaction_options_universal.size_ratio: 1
2020/11/02-00:52:45.235292 10a546dc0 Options.compaction_options_universal.min_merge_width: 2
2020/11/02-00:52:45.235293 10a546dc0 Options.compaction_options_universal.max_merge_width: 4294967295
2020/11/02-00:52:45.235294 10a546dc0 Options.compaction_options_universal.max_size_amplification_percent: 200
2020/11/02-00:52:45.235295 10a546dc0 Options.compaction_options_universal.compression_size_percent: -1
2020/11/02-00:52:45.235297 10a546dc0 Options.compaction_options_universal.stop_style: kCompactionStopStyleTotalSize
2020/11/02-00:52:45.235297 10a546dc0 Options.compaction_options_fifo.max_table_files_size: 1073741824
2020/11/02-00:52:45.235298 10a546dc0 Options.compaction_options_fifo.allow_compaction: 0
2020/11/02-00:52:45.235299 10a546dc0                   Options.table_properties_collectors: 
2020/11/02-00:52:45.235300 10a546dc0                   Options.inplace_update_support: 0
2020/11/02-00:52:45.235301 10a546dc0                 Options.inplace_update_num_locks: 10000
2020/11/02-00:52:45.235302 10a546dc0               Options.memtable_prefix_bloom_size_ratio: 0.000000
2020/11/02-00:52:45.235303 10a546dc0               Options.memtable_whole_key_filtering: 0
2020/11/02-00:52:45.235304 10a546dc0   Options.memtable_huge_page_size: 0
2020/11/02-00:52:45.235305 10a546dc0                           Options.bloom_locality: 0
2020/11/02-00:52:45.235306 10a546dc0                    Options.max_successive_merges: 0
2020/11/02-00:52:45.235307 10a546dc0                Options.optimize_filters_for_hits: 0
2020/11/02-00:52:45.235308 10a546dc0                Options.paranoid_file_checks: 0
2020/11/02-00:52:45.235309 10a546dc0                Options.force_consistency_checks: 0
2020/11/02-00:52:45.235310 10a546dc0                Options.report_bg_io_stats: 0
2020/11/02-00:52:45.235311 10a546dc0                               Options.ttl: 2592000
2020/11/02-00:52:45.235311 10a546dc0          Options.periodic_compaction_seconds: 0
2020/11/02-00:52:45.235359 10a546dc0 [db/column_family.cc:579] --------------- Options for column family [__DB_METADATA__]:
2020/11/02-00:52:45.235362 10a546dc0               Options.comparator: leveldb.BytewiseComparator
2020/11/02-00:52:45.235363 10a546dc0           Options.merge_operator: None
2020/11/02-00:52:45.235364 10a546dc0        Options.compaction_filter: None
2020/11/02-00:52:45.235364 10a546dc0        Options.compaction_filter_factory: None
2020/11/02-00:52:45.235365 10a546dc0         Options.memtable_factory: SkipListFactory
2020/11/02-00:52:45.235366 10a546dc0            Options.table_factory: BlockBasedTable
2020/11/02-00:52:45.235377 10a546dc0            table_factory options:   flush_block_policy_factory: FlushBlockBySizePolicyFactory (0x7fc657f07cd0)
  cache_index_and_filter_blocks: 0
  cache_index_and_filter_blocks_with_high_priority: 1
  pin_l0_filter_and_index_blocks_in_cache: 0
  pin_top_level_index_and_filter: 1
  index_type: 0
  data_block_index_type: 0
  index_shortening: 1
  data_block_hash_table_util_ratio: 0.750000
  hash_index_allow_collision: 1
  checksum: 1
  no_block_cache: 0
  block_cache: 0x7fc657f07d18
  block_cache_name: LRUCache
  block_cache_options:
    capacity : 8388608
    num_shard_bits : 4
    strict_capacity_limit : 0
    memory_allocator : None
    high_pri_pool_ratio: 0.000
  block_cache_compressed: 0x0
  persistent_cache: 0x0
  block_size: 4096
  block_size_deviation: 10
  block_restart_interval: 16
  index_block_restart_interval: 1
  metadata_block_size: 4096
  partition_filters: 0
  use_delta_encoding: 1
  filter_policy: nullptr
  whole_key_filtering: 1
  verify_compression: 0
  read_amp_bytes_per_bit: 0
  format_version: 4
  enable_index_compression: 1
  block_align: 0
2020/11/02-00:52:45.235379 10a546dc0        Options.write_buffer_size: 67108864
2020/11/02-00:52:45.235380 10a546dc0  Options.max_write_buffer_number: 2
2020/11/02-00:52:45.235381 10a546dc0          Options.compression: Snappy
2020/11/02-00:52:45.235382 10a546dc0                  Options.bottommost_compression: Disabled
2020/11/02-00:52:45.235383 10a546dc0       Options.prefix_extractor: nullptr
2020/11/02-00:52:45.235384 10a546dc0   Options.memtable_insert_with_hint_prefix_extractor: nullptr
2020/11/02-00:52:45.235385 10a546dc0             Options.num_levels: 7
2020/11/02-00:52:45.235386 10a546dc0        Options.min_write_buffer_number_to_merge: 1
2020/11/02-00:52:45.235387 10a546dc0     Options.max_write_buffer_number_to_maintain: 0
2020/11/02-00:52:45.235388 10a546dc0     Options.max_write_buffer_size_to_maintain: 0
2020/11/02-00:52:45.235389 10a546dc0            Options.bottommost_compression_opts.window_bits: -14
2020/11/02-00:52:45.235390 10a546dc0                  Options.bottommost_compression_opts.level: 32767
2020/11/02-00:52:45.235391 10a546dc0               Options.bottommost_compression_opts.strategy: 0
2020/11/02-00:52:45.235392 10a546dc0         Options.bottommost_compression_opts.max_dict_bytes: 0
2020/11/02-00:52:45.235392 10a546dc0         Options.bottommost_compression_opts.zstd_max_train_bytes: 0
2020/11/02-00:52:45.235393 10a546dc0         Options.bottommost_compression_opts.parallel_threads: 1
2020/11/02-00:52:45.235394 10a546dc0                  Options.bottommost_compression_opts.enabled: false
2020/11/02-00:52:45.235395 10a546dc0            Options.compression_opts.window_bits: -14
2020/11/02-00:52:45.235396 10a546dc0                  Options.compression_opts.level: 32767
2020/11/02-00:52:45.235397 10a546dc0               Options.compression_opts.strategy: 0
2020/11/02-00:52:45.235398 10a546dc0         Options.compression_opts.max_dict_bytes: 0
2020/11/02-00:52:45.235399 10a546dc0         Options.compression_opts.zstd_max_train_bytes: 0
2020/11/02-00:52:45.235400 10a546dc0         Options.compression_opts.parallel_threads: 1
2020/11/02-00:52:45.235401 10a546dc0                  Options.compression_opts.enabled: false
2020/11/02-00:52:45.235402 10a546dc0      Options.level0_file_num_compaction_trigger: 4
2020/11/02-00:52:45.235402 10a546dc0          Options.level0_slowdown_writes_trigger: 20
2020/11/02-00:52:45.235420 10a546dc0              Options.level0_stop_writes_trigger: 36
2020/11/02-00:52:45.235421 10a546dc0                   Options.target_file_size_base: 67108864
2020/11/02-00:52:45.235422 10a546dc0             Options.target_file_size_multiplier: 1
2020/11/02-00:52:45.235423 10a546dc0                Options.max_bytes_for_level_base: 268435456
2020/11/02-00:52:45.235424 10a546dc0 Options.level_compaction_dynamic_level_bytes: 0
2020/11/02-00:52:45.235425 10a546dc0          Options.max_bytes_for_level_multiplier: 10.000000
2020/11/02-00:52:45.235426 10a546dc0 Options.max_bytes_for_level_multiplier_addtl[0]: 1
2020/11/02-00:52:45.235427 10a546dc0 Options.max_bytes_for_level_multiplier_addtl[1]: 1
2020/11/02-00:52:45.235428 10a546dc0 Options.max_bytes_for_level_multiplier_addtl[2]: 1
2020/11/02-00:52:45.235429 10a546dc0 Options.max_bytes_for_level_multiplier_addtl[3]: 1
2020/11/02-00:52:45.235430 10a546dc0 Options.max_bytes_for_level_multiplier_addtl[4]: 1
2020/11/02-00:52:45.235431 10a546dc0 Options.max_bytes_for_level_multiplier_addtl[5]: 1
2020/11/02-00:52:45.235432 10a546dc0 Options.max_bytes_for_level_multiplier_addtl[6]: 1
2020/11/02-00:52:45.235433 10a546dc0       Options.max_sequential_skip_in_iterations: 8
2020/11/02-00:52:45.235434 10a546dc0                    Options.max_compaction_bytes: 1677721600
2020/11/02-00:52:45.235435 10a546dc0                        Options.arena_block_size: 8388608
2020/11/02-00:52:45.235436 10a546dc0   Options.soft_pending_compaction_bytes_limit: 68719476736
2020/11/02-00:52:45.235437 10a546dc0   Options.hard_pending_compaction_bytes_limit: 274877906944
2020/11/02-00:52:45.235437 10a546dc0       Options.rate_limit_delay_max_milliseconds: 100
2020/11/02-00:52:45.235438 10a546dc0                Options.disable_auto_compactions: 0
2020/11/02-00:52:45.235439 10a546dc0                        Options.compaction_style: kCompactionStyleLevel
2020/11/02-00:52:45.235440 10a546dc0                          Options.compaction_pri: kMinOverlappingRatio
2020/11/02-00:52:45.235441 10a546dc0 Options.compaction_options_universal.size_ratio: 1
2020/11/02-00:52:45.235442 10a546dc0 Options.compaction_options_universal.min_merge_width: 2
2020/11/02-00:52:45.235443 10a546dc0 Options.compaction_options_universal.max_merge_width: 4294967295
2020/11/02-00:52:45.235444 10a546dc0 Options.compaction_options_universal.max_size_amplification_percent: 200
2020/11/02-00:52:45.235445 10a546dc0 Options.compaction_options_universal.compression_size_percent: -1
2020/11/02-00:52:45.235446 10a546dc0 Options.compaction_options_universal.stop_style: kCompactionStopStyleTotalSize
2020/11/02-00:52:45.235447 10a546dc0 Options.compaction_options_fifo.max_table_files_size: 1073741824
2020/11/02-00:52:45.235448 10a546dc0 Options.compaction_options_fifo.allow_compaction: 0
2020/11/02-00:52:45.235449 10a546dc0                   Options.table_properties_collectors: 
