2020/11/02-00:56:40.807272 111d84dc0 RocksDB version: 6.11.4
2020/11/02-00:56:40.807808 111d84dc0 Git sha rocksdb_build_git_sha:@48bfca38f6f175435052a59791922a1a453d9609@
2020/11/02-00:56:40.807811 111d84dc0 Compile date Nov  2 2020
2020/11/02-00:56:40.807813 111d84dc0 DB SUMMARY
2020/11/02-00:56:40.807910 111d84dc0 CURRENT file:  CURRENT
2020/11/02-00:56:40.807912 111d84dc0 IDENTITY file:  IDENTITY
2020/11/02-00:56:40.807918 111d84dc0 MANIFEST file:  MANIFEST-000085 size: 4645 Bytes
2020/11/02-00:56:40.807920 111d84dc0 SST files in example/4/db dir, Total Num: 15, files: 000070.sst 000071.sst 000072.sst 000073.sst 000074.sst 000075.sst 000076.sst 000077.sst 000078.sst 
2020/11/02-00:56:40.807921 111d84dc0 Write Ahead Log file in example/4/db: 000086.log size: 230292 ; 
2020/11/02-00:56:40.807923 111d84dc0                         Options.error_if_exists: 0
2020/11/02-00:56:40.807924 111d84dc0                       Options.create_if_missing: 1
2020/11/02-00:56:40.807925 111d84dc0                         Options.paranoid_checks: 1
2020/11/02-00:56:40.807926 111d84dc0                                     Options.env: 0x1064f4d98
2020/11/02-00:56:40.807927 111d84dc0                                      Options.fs: Posix File System
2020/11/02-00:56:40.807928 111d84dc0                                Options.info_log: 0x7fc552527850
2020/11/02-00:56:40.807929 111d84dc0                Options.max_file_opening_threads: 16
2020/11/02-00:56:40.807930 111d84dc0                              Options.statistics: 0x0
2020/11/02-00:56:40.807931 111d84dc0                               Options.use_fsync: 0
2020/11/02-00:56:40.807932 111d84dc0                       Options.max_log_file_size: 0
2020/11/02-00:56:40.807933 111d84dc0                  Options.max_manifest_file_size: 1073741824
2020/11/02-00:56:40.807934 111d84dc0                   Options.log_file_time_to_roll: 0
2020/11/02-00:56:40.807935 111d84dc0                       Options.keep_log_file_num: 1000
2020/11/02-00:56:40.807936 111d84dc0                    Options.recycle_log_file_num: 0
2020/11/02-00:56:40.807939 111d84dc0                         Options.allow_fallocate: 1
2020/11/02-00:56:40.807940 111d84dc0                        Options.allow_mmap_reads: 0
2020/11/02-00:56:40.807941 111d84dc0                       Options.allow_mmap_writes: 0
2020/11/02-00:56:40.807942 111d84dc0                        Options.use_direct_reads: 0
2020/11/02-00:56:40.807943 111d84dc0                        Options.use_direct_io_for_flush_and_compaction: 0
2020/11/02-00:56:40.807944 111d84dc0          Options.create_missing_column_families: 0
2020/11/02-00:56:40.807944 111d84dc0                              Options.db_log_dir: 
2020/11/02-00:56:40.807945 111d84dc0                                 Options.wal_dir: example/4/db
2020/11/02-00:56:40.807946 111d84dc0                Options.table_cache_numshardbits: 6
2020/11/02-00:56:40.807947 111d84dc0                      Options.max_subcompactions: 1
2020/11/02-00:56:40.807948 111d84dc0                         Options.WAL_ttl_seconds: 0
2020/11/02-00:56:40.807949 111d84dc0                       Options.WAL_size_limit_MB: 0
2020/11/02-00:56:40.807950 111d84dc0                        Options.max_write_batch_group_size_bytes: 1048576
2020/11/02-00:56:40.807951 111d84dc0             Options.manifest_preallocation_size: 4194304
2020/11/02-00:56:40.807952 111d84dc0                     Options.is_fd_close_on_exec: 1
2020/11/02-00:56:40.807953 111d84dc0                   Options.advise_random_on_open: 1
2020/11/02-00:56:40.807954 111d84dc0                    Options.db_write_buffer_size: 0
2020/11/02-00:56:40.807955 111d84dc0                    Options.write_buffer_manager: 0x7fc5525277c0
2020/11/02-00:56:40.807956 111d84dc0         Options.access_hint_on_compaction_start: 1
2020/11/02-00:56:40.807957 111d84dc0  Options.new_table_reader_for_compaction_inputs: 0
2020/11/02-00:56:40.807957 111d84dc0           Options.random_access_max_buffer_size: 1048576
2020/11/02-00:56:40.807958 111d84dc0                      Options.use_adaptive_mutex: 0
2020/11/02-00:56:40.807959 111d84dc0                            Options.rate_limiter: 0x0
2020/11/02-00:56:40.807984 111d84dc0     Options.sst_file_manager.rate_bytes_per_sec: 0
2020/11/02-00:56:40.807986 111d84dc0                       Options.wal_recovery_mode: 2
2020/11/02-00:56:40.807987 111d84dc0                  Options.enable_thread_tracking: 0
2020/11/02-00:56:40.807988 111d84dc0                  Options.enable_pipelined_write: 0
2020/11/02-00:56:40.807989 111d84dc0                  Options.unordered_write: 0
2020/11/02-00:56:40.807990 111d84dc0         Options.allow_concurrent_memtable_write: 1
2020/11/02-00:56:40.807991 111d84dc0      Options.enable_write_thread_adaptive_yield: 1
2020/11/02-00:56:40.807992 111d84dc0             Options.write_thread_max_yield_usec: 100
2020/11/02-00:56:40.807993 111d84dc0            Options.write_thread_slow_yield_usec: 3
2020/11/02-00:56:40.807994 111d84dc0                               Options.row_cache: None
2020/11/02-00:56:40.807994 111d84dc0                              Options.wal_filter: None
2020/11/02-00:56:40.807995 111d84dc0             Options.avoid_flush_during_recovery: 0
2020/11/02-00:56:40.807996 111d84dc0             Options.allow_ingest_behind: 0
2020/11/02-00:56:40.807997 111d84dc0             Options.preserve_deletes: 0
2020/11/02-00:56:40.807998 111d84dc0             Options.two_write_queues: 0
2020/11/02-00:56:40.807999 111d84dc0             Options.manual_wal_flush: 0
2020/11/02-00:56:40.808000 111d84dc0             Options.atomic_flush: 0
2020/11/02-00:56:40.808001 111d84dc0             Options.avoid_unnecessary_blocking_io: 0
2020/11/02-00:56:40.808002 111d84dc0                 Options.persist_stats_to_disk: 0
2020/11/02-00:56:40.808003 111d84dc0                 Options.write_dbid_to_manifest: 0
2020/11/02-00:56:40.808004 111d84dc0                 Options.log_readahead_size: 0
2020/11/02-00:56:40.808004 111d84dc0                 Options.file_checksum_gen_factory: Unknown
2020/11/02-00:56:40.808007 111d84dc0                 Options.best_efforts_recovery: 0
2020/11/02-00:56:40.808008 111d84dc0             Options.max_background_jobs: 2
2020/11/02-00:56:40.808009 111d84dc0             Options.max_background_compactions: -1
2020/11/02-00:56:40.808010 111d84dc0             Options.avoid_flush_during_shutdown: 0
2020/11/02-00:56:40.808011 111d84dc0           Options.writable_file_max_buffer_size: 1048576
2020/11/02-00:56:40.808012 111d84dc0             Options.delayed_write_rate : 16777216
2020/11/02-00:56:40.808013 111d84dc0             Options.max_total_wal_size: 0
2020/11/02-00:56:40.808013 111d84dc0             Options.delete_obsolete_files_period_micros: 21600000000
2020/11/02-00:56:40.808014 111d84dc0                   Options.stats_dump_period_sec: 600
2020/11/02-00:56:40.808015 111d84dc0                 Options.stats_persist_period_sec: 600
2020/11/02-00:56:40.808016 111d84dc0                 Options.stats_history_buffer_size: 1048576
2020/11/02-00:56:40.808017 111d84dc0                          Options.max_open_files: -1
2020/11/02-00:56:40.808018 111d84dc0                          Options.bytes_per_sync: 0
2020/11/02-00:56:40.808019 111d84dc0                      Options.wal_bytes_per_sync: 0
2020/11/02-00:56:40.808020 111d84dc0                   Options.strict_bytes_per_sync: 0
2020/11/02-00:56:40.808021 111d84dc0       Options.compaction_readahead_size: 0
2020/11/02-00:56:40.808022 111d84dc0                  Options.max_background_flushes: -1
2020/11/02-00:56:40.808023 111d84dc0 Compression algorithms supported:
2020/11/02-00:56:40.808025 111d84dc0 	kZSTD supported: 0
2020/11/02-00:56:40.808026 111d84dc0 	kZlibCompression supported: 0
2020/11/02-00:56:40.808027 111d84dc0 	kXpressCompression supported: 0
2020/11/02-00:56:40.808028 111d84dc0 	kSnappyCompression supported: 1
2020/11/02-00:56:40.808029 111d84dc0 	kZSTDNotFinalCompression supported: 0
2020/11/02-00:56:40.808030 111d84dc0 	kLZ4HCCompression supported: 0
2020/11/02-00:56:40.808031 111d84dc0 	kLZ4Compression supported: 0
2020/11/02-00:56:40.808032 111d84dc0 	kBZip2Compression supported: 0
2020/11/02-00:56:40.808036 111d84dc0 Fast CRC32 supported: Supported on x86
2020/11/02-00:56:40.808199 111d84dc0 [db/version_set.cc:4555] Recovering from manifest file: example/4/db/MANIFEST-000085
2020/11/02-00:56:40.808262 111d84dc0 [db/column_family.cc:579] --------------- Options for column family [default]:
2020/11/02-00:56:40.808265 111d84dc0               Options.comparator: leveldb.BytewiseComparator
2020/11/02-00:56:40.808266 111d84dc0           Options.merge_operator: None
2020/11/02-00:56:40.808267 111d84dc0        Options.compaction_filter: None
2020/11/02-00:56:40.808267 111d84dc0        Options.compaction_filter_factory: None
2020/11/02-00:56:40.808268 111d84dc0         Options.memtable_factory: SkipListFactory
2020/11/02-00:56:40.808269 111d84dc0            Options.table_factory: BlockBasedTable
2020/11/02-00:56:40.808290 111d84dc0            table_factory options:   flush_block_policy_factory: FlushBlockBySizePolicyFactory (0x7fc55250bd40)
  cache_index_and_filter_blocks: 0
  cache_index_and_filter_blocks_with_high_priority: 1
  pin_l0_filter_and_index_blocks_in_cache: 0
  pin_top_level_index_and_filter: 1
  index_type: 0
  data_block_index_type: 0
  index_shortening: 1
  data_block_hash_table_util_ratio: 0.750000
  hash_index_allow_collision: 1
  checksum: 1
  no_block_cache: 0
  block_cache: 0x7fc55250c668
  block_cache_name: LRUCache
  block_cache_options:
    capacity : 8388608
    num_shard_bits : 4
    strict_capacity_limit : 0
    memory_allocator : None
    high_pri_pool_ratio: 0.000
  block_cache_compressed: 0x0
  persistent_cache: 0x0
  block_size: 4096
  block_size_deviation: 10
  block_restart_interval: 16
  index_block_restart_interval: 1
  metadata_block_size: 4096
  partition_filters: 0
  use_delta_encoding: 1
  filter_policy: nullptr
  whole_key_filtering: 1
  verify_compression: 0
  read_amp_bytes_per_bit: 0
  format_version: 4
  enable_index_compression: 1
  block_align: 0
2020/11/02-00:56:40.808295 111d84dc0        Options.write_buffer_size: 67108864
2020/11/02-00:56:40.808296 111d84dc0  Options.max_write_buffer_number: 2
2020/11/02-00:56:40.808298 111d84dc0          Options.compression: Snappy
2020/11/02-00:56:40.808300 111d84dc0                  Options.bottommost_compression: Disabled
2020/11/02-00:56:40.808301 111d84dc0       Options.prefix_extractor: nullptr
2020/11/02-00:56:40.808302 111d84dc0   Options.memtable_insert_with_hint_prefix_extractor: nullptr
2020/11/02-00:56:40.808303 111d84dc0             Options.num_levels: 7
2020/11/02-00:56:40.808304 111d84dc0        Options.min_write_buffer_number_to_merge: 1
2020/11/02-00:56:40.808305 111d84dc0     Options.max_write_buffer_number_to_maintain: 0
2020/11/02-00:56:40.808306 111d84dc0     Options.max_write_buffer_size_to_maintain: 0
2020/11/02-00:56:40.808307 111d84dc0            Options.bottommost_compression_opts.window_bits: -14
2020/11/02-00:56:40.808308 111d84dc0                  Options.bottommost_compression_opts.level: 32767
2020/11/02-00:56:40.808309 111d84dc0               Options.bottommost_compression_opts.strategy: 0
2020/11/02-00:56:40.808310 111d84dc0         Options.bottommost_compression_opts.max_dict_bytes: 0
2020/11/02-00:56:40.808311 111d84dc0         Options.bottommost_compression_opts.zstd_max_train_bytes: 0
2020/11/02-00:56:40.808312 111d84dc0         Options.bottommost_compression_opts.parallel_threads: 1
2020/11/02-00:56:40.808313 111d84dc0                  Options.bottommost_compression_opts.enabled: false
2020/11/02-00:56:40.808314 111d84dc0            Options.compression_opts.window_bits: -14
2020/11/02-00:56:40.808315 111d84dc0                  Options.compression_opts.level: 32767
2020/11/02-00:56:40.808316 111d84dc0               Options.compression_opts.strategy: 0
2020/11/02-00:56:40.808317 111d84dc0         Options.compression_opts.max_dict_bytes: 0
2020/11/02-00:56:40.808318 111d84dc0         Options.compression_opts.zstd_max_train_bytes: 0
2020/11/02-00:56:40.808319 111d84dc0         Options.compression_opts.parallel_threads: 1
2020/11/02-00:56:40.808319 111d84dc0                  Options.compression_opts.enabled: false
2020/11/02-00:56:40.808320 111d84dc0      Options.level0_file_num_compaction_trigger: 4
2020/11/02-00:56:40.808341 111d84dc0          Options.level0_slowdown_writes_trigger: 20
2020/11/02-00:56:40.808343 111d84dc0              Options.level0_stop_writes_trigger: 36
2020/11/02-00:56:40.808344 111d84dc0                   Options.target_file_size_base: 67108864
2020/11/02-00:56:40.808345 111d84dc0             Options.target_file_size_multiplier: 1
2020/11/02-00:56:40.808346 111d84dc0                Options.max_bytes_for_level_base: 268435456
2020/11/02-00:56:40.808347 111d84dc0 Options.level_compaction_dynamic_level_bytes: 0
2020/11/02-00:56:40.808348 111d84dc0          Options.max_bytes_for_level_multiplier: 10.000000
2020/11/02-00:56:40.808349 111d84dc0 Options.max_bytes_for_level_multiplier_addtl[0]: 1
2020/11/02-00:56:40.808351 111d84dc0 Options.max_bytes_for_level_multiplier_addtl[1]: 1
2020/11/02-00:56:40.808352 111d84dc0 Options.max_bytes_for_level_multiplier_addtl[2]: 1
2020/11/02-00:56:40.808353 111d84dc0 Options.max_bytes_for_level_multiplier_addtl[3]: 1
2020/11/02-00:56:40.808354 111d84dc0 Options.max_bytes_for_level_multiplier_addtl[4]: 1
2020/11/02-00:56:40.808355 111d84dc0 Options.max_bytes_for_level_multiplier_addtl[5]: 1
2020/11/02-00:56:40.808356 111d84dc0 Options.max_bytes_for_level_multiplier_addtl[6]: 1
2020/11/02-00:56:40.808357 111d84dc0       Options.max_sequential_skip_in_iterations: 8
2020/11/02-00:56:40.808358 111d84dc0                    Options.max_compaction_bytes: 1677721600
2020/11/02-00:56:40.808359 111d84dc0                        Options.arena_block_size: 8388608
2020/11/02-00:56:40.808360 111d84dc0   Options.soft_pending_compaction_bytes_limit: 68719476736
2020/11/02-00:56:40.808361 111d84dc0   Options.hard_pending_compaction_bytes_limit: 274877906944
2020/11/02-00:56:40.808362 111d84dc0       Options.rate_limit_delay_max_milliseconds: 100
2020/11/02-00:56:40.808363 111d84dc0                Options.disable_auto_compactions: 0
2020/11/02-00:56:40.808364 111d84dc0                        Options.compaction_style: kCompactionStyleLevel
2020/11/02-00:56:40.808365 111d84dc0                          Options.compaction_pri: kMinOverlappingRatio
2020/11/02-00:56:40.808366 111d84dc0 Options.compaction_options_universal.size_ratio: 1
2020/11/02-00:56:40.808367 111d84dc0 Options.compaction_options_universal.min_merge_width: 2
2020/11/02-00:56:40.808368 111d84dc0 Options.compaction_options_universal.max_merge_width: 4294967295
2020/11/02-00:56:40.808369 111d84dc0 Options.compaction_options_universal.max_size_amplification_percent: 200
2020/11/02-00:56:40.808370 111d84dc0 Options.compaction_options_universal.compression_size_percent: -1
2020/11/02-00:56:40.808371 111d84dc0 Options.compaction_options_universal.stop_style: kCompactionStopStyleTotalSize
2020/11/02-00:56:40.808372 111d84dc0 Options.compaction_options_fifo.max_table_files_size: 1073741824
2020/11/02-00:56:40.808373 111d84dc0 Options.compaction_options_fifo.allow_compaction: 0
2020/11/02-00:56:40.808380 111d84dc0                   Options.table_properties_collectors: 
2020/11/02-00:56:40.808381 111d84dc0                   Options.inplace_update_support: 0
2020/11/02-00:56:40.808382 111d84dc0                 Options.inplace_update_num_locks: 10000
2020/11/02-00:56:40.808383 111d84dc0               Options.memtable_prefix_bloom_size_ratio: 0.000000
2020/11/02-00:56:40.808384 111d84dc0               Options.memtable_whole_key_filtering: 0
2020/11/02-00:56:40.808385 111d84dc0   Options.memtable_huge_page_size: 0
2020/11/02-00:56:40.808386 111d84dc0                           Options.bloom_locality: 0
2020/11/02-00:56:40.808387 111d84dc0                    Options.max_successive_merges: 0
2020/11/02-00:56:40.808388 111d84dc0                Options.optimize_filters_for_hits: 0
2020/11/02-00:56:40.808389 111d84dc0                Options.paranoid_file_checks: 0
2020/11/02-00:56:40.808390 111d84dc0                Options.force_consistency_checks: 0
2020/11/02-00:56:40.808391 111d84dc0                Options.report_bg_io_stats: 0
2020/11/02-00:56:40.808392 111d84dc0                               Options.ttl: 2592000
2020/11/02-00:56:40.808408 111d84dc0          Options.periodic_compaction_seconds: 0
2020/11/02-00:56:40.808493 111d84dc0 [db/column_family.cc:579] --------------- Options for column family [__STATE_AGGREGATOR__]:
2020/11/02-00:56:40.808495 111d84dc0               Options.comparator: leveldb.BytewiseComparator
2020/11/02-00:56:40.808496 111d84dc0           Options.merge_operator: None
2020/11/02-00:56:40.808497 111d84dc0        Options.compaction_filter: None
2020/11/02-00:56:40.808498 111d84dc0        Options.compaction_filter_factory: None
2020/11/02-00:56:40.808499 111d84dc0         Options.memtable_factory: SkipListFactory
2020/11/02-00:56:40.808500 111d84dc0            Options.table_factory: BlockBasedTable
2020/11/02-00:56:40.808514 111d84dc0            table_factory options:   flush_block_policy_factory: FlushBlockBySizePolicyFactory (0x7fc55250d160)
  cache_index_and_filter_blocks: 0
  cache_index_and_filter_blocks_with_high_priority: 1
  pin_l0_filter_and_index_blocks_in_cache: 0
  pin_top_level_index_and_filter: 1
  index_type: 0
  data_block_index_type: 0
  index_shortening: 1
  data_block_hash_table_util_ratio: 0.750000
  hash_index_allow_collision: 1
  checksum: 1
  no_block_cache: 0
  block_cache: 0x7fc55250d1a8
  block_cache_name: LRUCache
  block_cache_options:
    capacity : 8388608
    num_shard_bits : 4
    strict_capacity_limit : 0
    memory_allocator : None
    high_pri_pool_ratio: 0.000
  block_cache_compressed: 0x0
  persistent_cache: 0x0
  block_size: 4096
  block_size_deviation: 10
  block_restart_interval: 16
  index_block_restart_interval: 1
  metadata_block_size: 4096
  partition_filters: 0
  use_delta_encoding: 1
  filter_policy: nullptr
  whole_key_filtering: 1
  verify_compression: 0
  read_amp_bytes_per_bit: 0
  format_version: 4
  enable_index_compression: 1
  block_align: 0
2020/11/02-00:56:40.808516 111d84dc0        Options.write_buffer_size: 67108864
2020/11/02-00:56:40.808517 111d84dc0  Options.max_write_buffer_number: 2
2020/11/02-00:56:40.808518 111d84dc0          Options.compression: Snappy
2020/11/02-00:56:40.808519 111d84dc0                  Options.bottommost_compression: Disabled
2020/11/02-00:56:40.808520 111d84dc0       Options.prefix_extractor: nullptr
2020/11/02-00:56:40.808521 111d84dc0   Options.memtable_insert_with_hint_prefix_extractor: nullptr
2020/11/02-00:56:40.808522 111d84dc0             Options.num_levels: 7
2020/11/02-00:56:40.808522 111d84dc0        Options.min_write_buffer_number_to_merge: 1
2020/11/02-00:56:40.808523 111d84dc0     Options.max_write_buffer_number_to_maintain: 0
2020/11/02-00:56:40.808524 111d84dc0     Options.max_write_buffer_size_to_maintain: 0
2020/11/02-00:56:40.808525 111d84dc0            Options.bottommost_compression_opts.window_bits: -14
2020/11/02-00:56:40.808526 111d84dc0                  Options.bottommost_compression_opts.level: 32767
2020/11/02-00:56:40.808527 111d84dc0               Options.bottommost_compression_opts.strategy: 0
2020/11/02-00:56:40.808528 111d84dc0         Options.bottommost_compression_opts.max_dict_bytes: 0
2020/11/02-00:56:40.808529 111d84dc0         Options.bottommost_compression_opts.zstd_max_train_bytes: 0
2020/11/02-00:56:40.808530 111d84dc0         Options.bottommost_compression_opts.parallel_threads: 1
2020/11/02-00:56:40.808531 111d84dc0                  Options.bottommost_compression_opts.enabled: false
2020/11/02-00:56:40.808532 111d84dc0            Options.compression_opts.window_bits: -14
2020/11/02-00:56:40.808533 111d84dc0                  Options.compression_opts.level: 32767
2020/11/02-00:56:40.808534 111d84dc0               Options.compression_opts.strategy: 0
2020/11/02-00:56:40.808535 111d84dc0         Options.compression_opts.max_dict_bytes: 0
2020/11/02-00:56:40.808535 111d84dc0         Options.compression_opts.zstd_max_train_bytes: 0
2020/11/02-00:56:40.808536 111d84dc0         Options.compression_opts.parallel_threads: 1
2020/11/02-00:56:40.808537 111d84dc0                  Options.compression_opts.enabled: false
2020/11/02-00:56:40.808538 111d84dc0      Options.level0_file_num_compaction_trigger: 4
2020/11/02-00:56:40.808556 111d84dc0          Options.level0_slowdown_writes_trigger: 20
2020/11/02-00:56:40.808558 111d84dc0              Options.level0_stop_writes_trigger: 36
2020/11/02-00:56:40.808559 111d84dc0                   Options.target_file_size_base: 67108864
2020/11/02-00:56:40.808560 111d84dc0             Options.target_file_size_multiplier: 1
2020/11/02-00:56:40.808561 111d84dc0                Options.max_bytes_for_level_base: 268435456
2020/11/02-00:56:40.808562 111d84dc0 Options.level_compaction_dynamic_level_bytes: 0
2020/11/02-00:56:40.808563 111d84dc0          Options.max_bytes_for_level_multiplier: 10.000000
2020/11/02-00:56:40.808564 111d84dc0 Options.max_bytes_for_level_multiplier_addtl[0]: 1
2020/11/02-00:56:40.808565 111d84dc0 Options.max_bytes_for_level_multiplier_addtl[1]: 1
2020/11/02-00:56:40.808566 111d84dc0 Options.max_bytes_for_level_multiplier_addtl[2]: 1
2020/11/02-00:56:40.808567 111d84dc0 Options.max_bytes_for_level_multiplier_addtl[3]: 1
2020/11/02-00:56:40.808568 111d84dc0 Options.max_bytes_for_level_multiplier_addtl[4]: 1
2020/11/02-00:56:40.808569 111d84dc0 Options.max_bytes_for_level_multiplier_addtl[5]: 1
2020/11/02-00:56:40.808570 111d84dc0 Options.max_bytes_for_level_multiplier_addtl[6]: 1
2020/11/02-00:56:40.808571 111d84dc0       Options.max_sequential_skip_in_iterations: 8
2020/11/02-00:56:40.808572 111d84dc0                    Options.max_compaction_bytes: 1677721600
2020/11/02-00:56:40.808572 111d84dc0                        Options.arena_block_size: 8388608
2020/11/02-00:56:40.808573 111d84dc0   Options.soft_pending_compaction_bytes_limit: 68719476736
2020/11/02-00:56:40.808574 111d84dc0   Options.hard_pending_compaction_bytes_limit: 274877906944
2020/11/02-00:56:40.808575 111d84dc0       Options.rate_limit_delay_max_milliseconds: 100
2020/11/02-00:56:40.808576 111d84dc0                Options.disable_auto_compactions: 0
2020/11/02-00:56:40.808577 111d84dc0                        Options.compaction_style: kCompactionStyleLevel
2020/11/02-00:56:40.808578 111d84dc0                          Options.compaction_pri: kMinOverlappingRatio
2020/11/02-00:56:40.808579 111d84dc0 Options.compaction_options_universal.size_ratio: 1
2020/11/02-00:56:40.808580 111d84dc0 Options.compaction_options_universal.min_merge_width: 2
2020/11/02-00:56:40.808581 111d84dc0 Options.compaction_options_universal.max_merge_width: 4294967295
2020/11/02-00:56:40.808582 111d84dc0 Options.compaction_options_universal.max_size_amplification_percent: 200
2020/11/02-00:56:40.808583 111d84dc0 Options.compaction_options_universal.compression_size_percent: -1
2020/11/02-00:56:40.808584 111d84dc0 Options.compaction_options_universal.stop_style: kCompactionStopStyleTotalSize
2020/11/02-00:56:40.808585 111d84dc0 Options.compaction_options_fifo.max_table_files_size: 1073741824
2020/11/02-00:56:40.808586 111d84dc0 Options.compaction_options_fifo.allow_compaction: 0
2020/11/02-00:56:40.808587 111d84dc0                   Options.table_properties_collectors: 
2020/11/02-00:56:40.808588 111d84dc0                   Options.inplace_update_support: 0
2020/11/02-00:56:40.808589 111d84dc0                 Options.inplace_update_num_locks: 10000
2020/11/02-00:56:40.808590 111d84dc0               Options.memtable_prefix_bloom_size_ratio: 0.000000
2020/11/02-00:56:40.808591 111d84dc0               Options.memtable_whole_key_filtering: 0
2020/11/02-00:56:40.808592 111d84dc0   Options.memtable_huge_page_size: 0
2020/11/02-00:56:40.808593 111d84dc0                           Options.bloom_locality: 0
2020/11/02-00:56:40.808594 111d84dc0                    Options.max_successive_merges: 0
2020/11/02-00:56:40.808595 111d84dc0                Options.optimize_filters_for_hits: 0
2020/11/02-00:56:40.808595 111d84dc0                Options.paranoid_file_checks: 0
2020/11/02-00:56:40.808596 111d84dc0                Options.force_consistency_checks: 0
2020/11/02-00:56:40.808597 111d84dc0                Options.report_bg_io_stats: 0
2020/11/02-00:56:40.808598 111d84dc0                               Options.ttl: 2592000
2020/11/02-00:56:40.808613 111d84dc0          Options.periodic_compaction_seconds: 0
2020/11/02-00:56:40.808648 111d84dc0 [db/column_family.cc:579] --------------- Options for column family [__DB_METADATA__]:
2020/11/02-00:56:40.808650 111d84dc0               Options.comparator: leveldb.BytewiseComparator
2020/11/02-00:56:40.808651 111d84dc0           Options.merge_operator: None
2020/11/02-00:56:40.808651 111d84dc0        Options.compaction_filter: None
2020/11/02-00:56:40.808652 111d84dc0        Options.compaction_filter_factory: None
2020/11/02-00:56:40.808653 111d84dc0         Options.memtable_factory: SkipListFactory
2020/11/02-00:56:40.808654 111d84dc0            Options.table_factory: BlockBasedTable
2020/11/02-00:56:40.808667 111d84dc0            table_factory options:   flush_block_policy_factory: FlushBlockBySizePolicyFactory (0x7fc55250dcc0)
  cache_index_and_filter_blocks: 0
  cache_index_and_filter_blocks_with_high_priority: 1
  pin_l0_filter_and_index_blocks_in_cache: 0
  pin_top_level_index_and_filter: 1
  index_type: 0
  data_block_index_type: 0
  index_shortening: 1
  data_block_hash_table_util_ratio: 0.750000
  hash_index_allow_collision: 1
  checksum: 1
  no_block_cache: 0
  block_cache: 0x7fc55250dd08
  block_cache_name: LRUCache
  block_cache_options:
    capacity : 8388608
    num_shard_bits : 4
    strict_capacity_limit : 0
    memory_allocator : None
    high_pri_pool_ratio: 0.000
  block_cache_compressed: 0x0
  persistent_cache: 0x0
  block_size: 4096
  block_size_deviation: 10
  block_restart_interval: 16
  index_block_restart_interval: 1
  metadata_block_size: 4096
  partition_filters: 0
  use_delta_encoding: 1
  filter_policy: nullptr
  whole_key_filtering: 1
  verify_compression: 0
  read_amp_bytes_per_bit: 0
  format_version: 4
  enable_index_compression: 1
  block_align: 0
2020/11/02-00:56:40.808669 111d84dc0        Options.write_buffer_size: 67108864
2020/11/02-00:56:40.808670 111d84dc0  Options.max_write_buffer_number: 2
2020/11/02-00:56:40.808671 111d84dc0          Options.compression: Snappy
2020/11/02-00:56:40.808672 111d84dc0                  Options.bottommost_compression: Disabled
2020/11/02-00:56:40.808673 111d84dc0       Options.prefix_extractor: nullptr
2020/11/02-00:56:40.808674 111d84dc0   Options.memtable_insert_with_hint_prefix_extractor: nullptr
2020/11/02-00:56:40.808675 111d84dc0             Options.num_levels: 7
2020/11/02-00:56:40.808676 111d84dc0        Options.min_write_buffer_number_to_merge: 1
2020/11/02-00:56:40.808677 111d84dc0     Options.max_write_buffer_number_to_maintain: 0
2020/11/02-00:56:40.808678 111d84dc0     Options.max_write_buffer_size_to_maintain: 0
2020/11/02-00:56:40.808678 111d84dc0            Options.bottommost_compression_opts.window_bits: -14
2020/11/02-00:56:40.808679 111d84dc0                  Options.bottommost_compression_opts.level: 32767
2020/11/02-00:56:40.808680 111d84dc0               Options.bottommost_compression_opts.strategy: 0
2020/11/02-00:56:40.808681 111d84dc0         Options.bottommost_compression_opts.max_dict_bytes: 0
2020/11/02-00:56:40.808682 111d84dc0         Options.bottommost_compression_opts.zstd_max_train_bytes: 0
2020/11/02-00:56:40.808683 111d84dc0         Options.bottommost_compression_opts.parallel_threads: 1
2020/11/02-00:56:40.808684 111d84dc0                  Options.bottommost_compression_opts.enabled: false
2020/11/02-00:56:40.808685 111d84dc0            Options.compression_opts.window_bits: -14
2020/11/02-00:56:40.808686 111d84dc0                  Options.compression_opts.level: 32767
2020/11/02-00:56:40.808687 111d84dc0               Options.compression_opts.strategy: 0
2020/11/02-00:56:40.808688 111d84dc0         Options.compression_opts.max_dict_bytes: 0
2020/11/02-00:56:40.808689 111d84dc0         Options.compression_opts.zstd_max_train_bytes: 0
2020/11/02-00:56:40.808689 111d84dc0         Options.compression_opts.parallel_threads: 1
2020/11/02-00:56:40.808690 111d84dc0                  Options.compression_opts.enabled: false
2020/11/02-00:56:40.808691 111d84dc0      Options.level0_file_num_compaction_trigger: 4
2020/11/02-00:56:40.808708 111d84dc0          Options.level0_slowdown_writes_trigger: 20
2020/11/02-00:56:40.808709 111d84dc0              Options.level0_stop_writes_trigger: 36
2020/11/02-00:56:40.808710 111d84dc0                   Options.target_file_size_base: 67108864
2020/11/02-00:56:40.808711 111d84dc0             Options.target_file_size_multiplier: 1
2020/11/02-00:56:40.808712 111d84dc0                Options.max_bytes_for_level_base: 268435456
2020/11/02-00:56:40.808713 111d84dc0 Options.level_compaction_dynamic_level_bytes: 0
2020/11/02-00:56:40.808714 111d84dc0          Options.max_bytes_for_level_multiplier: 10.000000
2020/11/02-00:56:40.808716 111d84dc0 Options.max_bytes_for_level_multiplier_addtl[0]: 1
2020/11/02-00:56:40.808717 111d84dc0 Options.max_bytes_for_level_multiplier_addtl[1]: 1
2020/11/02-00:56:40.808718 111d84dc0 Options.max_bytes_for_level_multiplier_addtl[2]: 1
2020/11/02-00:56:40.808719 111d84dc0 Options.max_bytes_for_level_multiplier_addtl[3]: 1
2020/11/02-00:56:40.808720 111d84dc0 Options.max_bytes_for_level_multiplier_addtl[4]: 1
2020/11/02-00:56:40.808721 111d84dc0 Options.max_bytes_for_level_multiplier_addtl[5]: 1
2020/11/02-00:56:40.808722 111d84dc0 Options.max_bytes_for_level_multiplier_addtl[6]: 1
2020/11/02-00:56:40.808723 111d84dc0       Options.max_sequential_skip_in_iterations: 8
2020/11/02-00:56:40.808723 111d84dc0                    Options.max_compaction_bytes: 1677721600
2020/11/02-00:56:40.808725 111d84dc0                        Options.arena_block_size: 8388608
2020/11/02-00:56:40.808726 111d84dc0   Options.soft_pending_compaction_bytes_limit: 68719476736
2020/11/02-00:56:40.808727 111d84dc0   Options.hard_pending_compaction_bytes_limit: 274877906944
2020/11/02-00:56:40.808728 111d84dc0       Options.rate_limit_delay_max_milliseconds: 100
2020/11/02-00:56:40.808729 111d84dc0                Options.disable_auto_compactions: 0
2020/11/02-00:56:40.808730 111d84dc0                        Options.compaction_style: kCompactionStyleLevel
2020/11/02-00:56:40.808731 111d84dc0                          Options.compaction_pri: kMinOverlappingRatio
2020/11/02-00:56:40.808731 111d84dc0 Options.compaction_options_universal.size_ratio: 1
2020/11/02-00:56:40.808732 111d84dc0 Options.compaction_options_universal.min_merge_width: 2
2020/11/02-00:56:40.808733 111d84dc0 Options.compaction_options_universal.max_merge_width: 4294967295
2020/11/02-00:56:40.808734 111d84dc0 Options.compaction_options_universal.max_size_amplification_percent: 200
2020/11/02-00:56:40.808735 111d84dc0 Options.compaction_options_universal.compression_size_percent: -1
2020/11/02-00:56:40.808736 111d84dc0 Options.compaction_options_universal.stop_style: kCompactionStopStyleTotalSize
2020/11/02-00:56:40.808737 111d84dc0 Options.compaction_options_fifo.max_table_files_size: 1073741824
2020/11/02-00:56:40.808738 111d84dc0 Options.compaction_options_fifo.allow_compaction: 0
2020/11/02-00:56:40.808739 111d84dc0                   Options.table_properties_collectors: 
2020/11/02-00:56:40.808740 111d84dc0                   Options.inplace_update_support: 0
2020/11/02-00:56:40.808741 111d84dc0                 Options.inplace_update_num_locks: 10000
2020/11/02-00:56:40.808742 111d84dc0               Options.memtable_prefix_bloom_size_ratio: 0.000000
2020/11/02-00:56:40.808743 111d84dc0               Options.memtable_whole_key_filtering: 0
2020/11/02-00:56:40.808744 111d84dc0   Options.memtable_huge_page_size: 0
2020/11/02-00:56:40.808745 111d84dc0                           Options.bloom_locality: 0
2020/11/02-00:56:40.808746 111d84dc0                    Options.max_successive_merges: 0
2020/11/02-00:56:40.808747 111d84dc0                Options.optimize_filters_for_hits: 0
2020/11/02-00:56:40.808748 111d84dc0                Options.paranoid_file_checks: 0
2020/11/02-00:56:40.808749 111d84dc0                Options.force_consistency_checks: 0
2020/11/02-00:56:40.808749 111d84dc0                Options.report_bg_io_stats: 0
2020/11/02-00:56:40.808750 111d84dc0                               Options.ttl: 2592000
2020/11/02-00:56:40.808751 111d84dc0          Options.periodic_compaction_seconds: 0
2020/11/02-00:56:40.808801 111d84dc0 [db/column_family.cc:579] --------------- Options for column family [__INDEXES_POOL__]:
2020/11/02-00:56:40.808803 111d84dc0               Options.comparator: leveldb.BytewiseComparator
2020/11/02-00:56:40.808804 111d84dc0           Options.merge_operator: None
2020/11/02-00:56:40.808805 111d84dc0        Options.compaction_filter: None
2020/11/02-00:56:40.808806 111d84dc0        Options.compaction_filter_factory: None
2020/11/02-00:56:40.808807 111d84dc0         Options.memtable_factory: SkipListFactory
2020/11/02-00:56:40.808808 111d84dc0            Options.table_factory: BlockBasedTable
2020/11/02-00:56:40.808821 111d84dc0            table_factory options:   flush_block_policy_factory: FlushBlockBySizePolicyFactory (0x7fc55250e810)
  cache_index_and_filter_blocks: 0
  cache_index_and_filter_blocks_with_high_priority: 1
  pin_l0_filter_and_index_blocks_in_cache: 0
  pin_top_level_index_and_filter: 1
  index_type: 0
  data_block_index_type: 0
  index_shortening: 1
  data_block_hash_table_util_ratio: 0.750000
  hash_index_allow_collision: 1
  checksum: 1
  no_block_cache: 0
  block_cache: 0x7fc55250e858
  block_cache_name: LRUCache
  block_cache_options:
    capacity : 8388608
    num_shard_bits : 4
    strict_capacity_limit : 0
    memory_allocator : None
    high_pri_pool_ratio: 0.000
  block_cache_compressed: 0x0
  persistent_cache: 0x0
  block_size: 4096
  block_size_deviation: 10
  block_restart_interval: 16
  index_block_restart_interval: 1
  metadata_block_size: 4096
  partition_filters: 0
  use_delta_encoding: 1
  filter_policy: nullptr
  whole_key_filtering: 1
  verify_compression: 0
  read_amp_bytes_per_bit: 0
  format_version: 4
  enable_index_compression: 1
  block_align: 0
2020/11/02-00:56:40.808823 111d84dc0        Options.write_buffer_size: 67108864
2020/11/02-00:56:40.808824 111d84dc0  Options.max_write_buffer_number: 2
2020/11/02-00:56:40.808825 111d84dc0          Options.compression: Snappy
2020/11/02-00:56:40.808826 111d84dc0                  Options.bottommost_compression: Disabled
2020/11/02-00:56:40.808827 111d84dc0       Options.prefix_extractor: nullptr
2020/11/02-00:56:40.808828 111d84dc0   Options.memtable_insert_with_hint_prefix_extractor: nullptr
2020/11/02-00:56:40.808829 111d84dc0             Options.num_levels: 7
2020/11/02-00:56:40.808830 111d84dc0        Options.min_write_buffer_number_to_merge: 1
2020/11/02-00:56:40.808831 111d84dc0     Options.max_write_buffer_number_to_maintain: 0
2020/11/02-00:56:40.808831 111d84dc0     Options.max_write_buffer_size_to_maintain: 0
2020/11/02-00:56:40.808832 111d84dc0            Options.bottommost_compression_opts.window_bits: -14
2020/11/02-00:56:40.808833 111d84dc0                  Options.bottommost_compression_opts.level: 32767
2020/11/02-00:56:40.808834 111d84dc0               Options.bottommost_compression_opts.strategy: 0
2020/11/02-00:56:40.808835 111d84dc0         Options.bottommost_compression_opts.max_dict_bytes: 0
2020/11/02-00:56:40.808836 111d84dc0         Options.bottommost_compression_opts.zstd_max_train_bytes: 0
2020/11/02-00:56:40.808837 111d84dc0         Options.bottommost_compression_opts.parallel_threads: 1
2020/11/02-00:56:40.808838 111d84dc0                  Options.bottommost_compression_opts.enabled: false
2020/11/02-00:56:40.808839 111d84dc0            Options.compression_opts.window_bits: -14
2020/11/02-00:56:40.808840 111d84dc0                  Options.compression_opts.level: 32767
2020/11/02-00:56:40.808841 111d84dc0               Options.compression_opts.strategy: 0
2020/11/02-00:56:40.808842 111d84dc0         Options.compression_opts.max_dict_bytes: 0
2020/11/02-00:56:40.808842 111d84dc0         Options.compression_opts.zstd_max_train_bytes: 0
2020/11/02-00:56:40.808843 111d84dc0         Options.compression_opts.parallel_threads: 1
2020/11/02-00:56:40.808844 111d84dc0                  Options.compression_opts.enabled: false
2020/11/02-00:56:40.808845 111d84dc0      Options.level0_file_num_compaction_trigger: 4
2020/11/02-00:56:40.808846 111d84dc0          Options.level0_slowdown_writes_trigger: 20
2020/11/02-00:56:40.808863 111d84dc0              Options.level0_stop_writes_trigger: 36
2020/11/02-00:56:40.808864 111d84dc0                   Options.target_file_size_base: 67108864
2020/11/02-00:56:40.808865 111d84dc0             Options.target_file_size_multiplier: 1
2020/11/02-00:56:40.808866 111d84dc0                Options.max_bytes_for_level_base: 268435456
2020/11/02-00:56:40.808867 111d84dc0 Options.level_compaction_dynamic_level_bytes: 0
2020/11/02-00:56:40.808868 111d84dc0          Options.max_bytes_for_level_multiplier: 10.000000
2020/11/02-00:56:40.808869 111d84dc0 Options.max_bytes_for_level_multiplier_addtl[0]: 1
2020/11/02-00:56:40.808870 111d84dc0 Options.max_bytes_for_level_multiplier_addtl[1]: 1
2020/11/02-00:56:40.808871 111d84dc0 Options.max_bytes_for_level_multiplier_addtl[2]: 1
2020/11/02-00:56:40.808872 111d84dc0 Options.max_bytes_for_level_multiplier_addtl[3]: 1
2020/11/02-00:56:40.808873 111d84dc0 Options.max_bytes_for_level_multiplier_addtl[4]: 1
2020/11/02-00:56:40.808874 111d84dc0 Options.max_bytes_for_level_multiplier_addtl[5]: 1
2020/11/02-00:56:40.808875 111d84dc0 Options.max_bytes_for_level_multiplier_addtl[6]: 1
2020/11/02-00:56:40.808876 111d84dc0       Options.max_sequential_skip_in_iterations: 8
2020/11/02-00:56:40.808877 111d84dc0                    Options.max_compaction_bytes: 1677721600
2020/11/02-00:56:40.808878 111d84dc0                        Options.arena_block_size: 8388608
2020/11/02-00:56:40.808878 111d84dc0   Options.soft_pending_compaction_bytes_limit: 68719476736
2020/11/02-00:56:40.808879 111d84dc0   Options.hard_pending_compaction_bytes_limit: 274877906944
2020/11/02-00:56:40.808880 111d84dc0       Options.rate_limit_delay_max_milliseconds: 100
2020/11/02-00:56:40.808881 111d84dc0                Options.disable_auto_compactions: 0
2020/11/02-00:56:40.808882 111d84dc0                        Options.compaction_style: kCompactionStyleLevel
2020/11/02-00:56:40.808883 111d84dc0                          Options.compaction_pri: kMinOverlappingRatio
2020/11/02-00:56:40.808884 111d84dc0 Options.compaction_options_universal.size_ratio: 1
2020/11/02-00:56:40.808885 111d84dc0 Options.compaction_options_universal.min_merge_width: 2
2020/11/02-00:56:40.808886 111d84dc0 Options.compaction_options_universal.max_merge_width: 4294967295
2020/11/02-00:56:40.808887 111d84dc0 Options.compaction_options_universal.max_size_amplification_percent: 200
2020/11/02-00:56:40.808888 111d84dc0 Options.compaction_options_universal.compression_size_percent: -1
2020/11/02-00:56:40.808889 111d84dc0 Options.compaction_options_universal.stop_style: kCompactionStopStyleTotalSize
2020/11/02-00:56:40.808890 111d84dc0 Options.compaction_options_fifo.max_table_files_size: 1073741824
2020/11/02-00:56:40.808891 111d84dc0 Options.compaction_options_fifo.allow_compaction: 0
2020/11/02-00:56:40.808892 111d84dc0                   Options.table_properties_collectors: 
